01100010 01100001 11000101 10011111 01100001 01110010 11000100 10110001 
01101110 11000100 10110001 01101110 00100000 01110011 11000100 10110001
01110010 01110010 11000100 10110001 00100000 00100000 01100100 01100101 
01101110 01100111 01100101 00100000 01100100 11000011 10111100 01111010 
01100101 01101110 00100000 01100110 01100001 01110010 01101011 11000100 
10110001 01101110 01100100 01100001 01101100 11000100 10110001 01101011 
00100000 01101001 01101110 01100001 01101110 11000100 10110001 11000101 
10011111 00100000 01100011 01101001 01100100 01100100 01101001 01111001 
01100101 01110100 00100000 01110011 01100001 01111001 01100111 11000100 
10110001 00100000 01101001 01110011 01110100 01100101 01101011 00100000 
01110110 01100101 00100000 01101001 01101100 01100111 01101001 01100100 
01100101 00100000 00100000 01111001 01100001 01110100 11000100 10110001 
01111001 01101111 01110010 01100010 01100001 11000101 10011111 01100001 

